[DASH_CAM]
POS=0.383476,1.22253,-0.074412
EXP=27

